import bpy

def run():
    print('[08_armatures] armature datablocks')

    # --- Armature.001 ---
    arm = bpy.data.armatures.new('Armature.001')
    _tmp = bpy.data.objects.new('__arm_tmp__', arm)
    bpy.context.scene.collection.objects.link(_tmp)
    bpy.context.view_layer.objects.active = _tmp
    bpy.ops.object.mode_set(mode='EDIT')
    eb = arm.edit_bones.new('Bone')
    eb.head = (4.399536690924058e-18, -0.04485607147216797, 0.013820275664329529); eb.tail = (-1.717002884975757e-16, -0.39875414967536926, 0.0017371606081724167)
    import mathutils as _mu
    try: eb.matrix = _mu.Matrix([(1.0, -1.1368683772161603e-13, 4.291536606615409e-05, 4.399536690924058e-18), (-1.4644024304288905e-06, -0.9994176626205444, 0.03412304073572159, -0.04485607147216797), (4.289036223781295e-05, -0.03412304073572159, -0.9994179010391235, 0.013820275664329529), (0.0, 0.0, 0.0, 1.0)])
    except Exception: pass
    eb = arm.edit_bones.new('Bone.001')
    eb.head = (-1.717002884975757e-16, -0.39875414967536926, 0.0017371606081724167); eb.tail = (-1.657507555458411e-16, -0.7455766201019287, 0.028531409800052643)
    import mathutils as _mu
    try: eb.matrix = _mu.Matrix([(-1.0, 0.0, -6.047910574125126e-06, -4.02525946873334e-14), (-4.658519401345984e-07, -0.9970290660858154, 0.07702682167291641, -0.39875414967536926), (-6.02991713094525e-06, 0.0770268589258194, 0.9970292448997498, 0.0017371606081724167), (0.0, 0.0, 0.0, 1.0)])
    except Exception: pass
    eb = arm.edit_bones.new('Bone.002')
    eb.head = (-1.657507555458411e-16, -0.7455766201019287, 0.028531409800052643); eb.tail = (-1.5223846245476688e-16, -1.0376756191253662, 0.08938546478748322)
    import mathutils as _mu
    try: eb.matrix = _mu.Matrix([(-1.0, 5.684341886080802e-14, 1.279478510696208e-06, -4.02525946873334e-14), (2.609547777865373e-07, -0.9789804220199585, 0.2039545178413391, -0.7455766201019287), (1.252611127711134e-06, 0.2039545774459839, 0.9789806604385376, 0.028531409800052643), (0.0, 0.0, 0.0, 1.0)])
    except Exception: pass
    eb = arm.edit_bones.new('Bone.007')
    eb.head = (-1.5223846245476688e-16, -1.0376756191253662, 0.08938546478748322); eb.tail = (-1.8965639436263181e-16, -1.4204765558242798, -0.04449320584535599)
    import mathutils as _mu
    try: eb.matrix = _mu.Matrix([(-1.0, 0.0, -3.894132305504172e-07, -2.3292186322049213e-14), (1.2855525710619986e-07, -0.9439365863800049, -0.33012712001800537, -1.0376756191253662), (-3.6755500332219526e-07, -0.33012717962265015, 0.943936824798584, 0.08938547223806381), (0.0, 0.0, 0.0, 1.0)])
    except Exception: pass
    eb = arm.edit_bones.new('Bone.015')
    eb.head = (-1.5223846245476688e-16, -1.0376756191253662, 0.08938546478748322); eb.tail = (0.17818641662597656, -1.0489977598190308, 0.22868633270263672)
    import mathutils as _mu
    try: eb.matrix = _mu.Matrix([(-0.039697278290987015, 0.7868402600288391, -0.6158785820007324, -2.1042190681400987e-14), (-0.998749315738678, -0.04999667406082153, 0.0005002617835998535, -1.0376756191253662), (-0.030398190021514893, 0.6151282787322998, 0.7878412008285522, 0.08938544988632202), (0.0, 0.0, 0.0, 1.0)])
    except Exception: pass
    eb = arm.edit_bones.new('Bone.016')
    eb.head = (0.17818641662597656, -1.0489977598190308, 0.22868633270263672); eb.tail = (0.25624409317970276, -1.0874931812286377, 0.5021736025810242)
    import mathutils as _mu
    try: eb.matrix = _mu.Matrix([(-0.012788292020559311, 0.2719760239124298, -0.9622189998626709, 0.17818641662597656), (-0.9906548261642456, -0.13412946462631226, -0.02474629133939743, -1.0489977598190308), (-0.13579227030277252, 0.9529106616973877, 0.2711499333381653, 0.22868627309799194), (0.0, 0.0, 0.0, 1.0)])
    except Exception: pass
    eb = arm.edit_bones.new('Bone.017')
    eb.head = (-1.5223846245476688e-16, -1.0376756191253662, 0.08938546478748322); eb.tail = (-0.17818671464920044, -1.0489966869354248, 0.22868648171424866)
    import mathutils as _mu
    try: eb.matrix = _mu.Matrix([(-0.029715921729803085, -0.786840558052063, 0.6164402365684509, -2.1042190681400987e-14), (0.9986267685890198, -0.04999183118343353, -0.015671640634536743, -1.0376756191253662), (0.04314810037612915, 0.6151282787322998, 0.7872459888458252, 0.08938544988632202), (0.0, 0.0, 0.0, 1.0)])
    except Exception: pass
    eb = arm.edit_bones.new('Bone.018')
    eb.head = (-0.17818671464920044, -1.0489966869354248, 0.22868648171424866); eb.tail = (-0.25624459981918335, -1.087491750717163, 0.5021734237670898)
    import mathutils as _mu
    try: eb.matrix = _mu.Matrix([(-0.022035595029592514, -0.2719772160053253, 0.962051272392273, -0.17818668484687805), (0.9908471703529358, -0.1341283619403839, -0.01522382814437151, -1.0489966869354248), (0.1331789791584015, 0.9529106020927429, 0.2724435329437256, 0.22868643701076508), (0.0, 0.0, 0.0, 1.0)])
    except Exception: pass
    eb = arm.edit_bones.new('Bone.008')
    eb.head = (-1.657507555458411e-16, -0.7455766201019287, 0.028531409800052643); eb.tail = (0.21849049627780914, -0.7455766201019287, -0.06480420380830765)
    import mathutils as _mu
    try: eb.matrix = _mu.Matrix([(-2.9969280035402335e-07, 0.9196063876152039, 0.3928409218788147, -4.02525946873334e-14), (-0.9999998807907104, -3.725290298461914e-09, -5.438923835754395e-07, -0.7455766201019287), (-4.917383193969727e-07, -0.39284101128578186, 0.919606626033783, 0.028531409800052643), (0.0, 0.0, 0.0, 1.0)])
    except Exception: pass
    eb = arm.edit_bones.new('Bone.010')
    eb.head = (0.21849049627780914, -0.7455766201019287, -0.06480420380830765); eb.tail = (0.21849049627780914, -0.7145862579345703, -0.268512099981308)
    import mathutils as _mu
    try: eb.matrix = _mu.Matrix([(0.9999998807907104, 0.0, 2.3469328880310059e-07, 0.21849048137664795), (-1.7797341911318654e-07, 0.15040093660354614, 0.9886249303817749, -0.7455766201019287), (-5.960464477539063e-08, -0.9886252880096436, 0.15040098130702972, -0.06480420380830765), (0.0, 0.0, 0.0, 1.0)])
    except Exception: pass
    eb = arm.edit_bones.new('Bone.012')
    eb.head = (0.21849049627780914, -0.7145862579345703, -0.268512099981308); eb.tail = (0.21849049627780914, -0.6892304420471191, -0.6150414347648621)
    import mathutils as _mu
    try: eb.matrix = _mu.Matrix([(0.9999998807907104, -7.105427357601002e-15, 7.152557373046875e-07, 0.21849048137664795), (-6.592983936570818e-07, 0.07297569513320923, 0.9973335862159729, -0.7145862579345703), (-7.65028431715109e-08, -0.9973339438438416, 0.07297571003437042, -0.26851212978363037), (0.0, 0.0, 0.0, 1.0)])
    except Exception: pass
    eb = arm.edit_bones.new('Bone.009')
    eb.head = (-1.657507555458411e-16, -0.7455766201019287, 0.028531409800052643); eb.tail = (-0.21849021315574646, -0.7455766201019287, -0.06480433791875839)
    import mathutils as _mu
    try: eb.matrix = _mu.Matrix([(3.380915950401686e-05, -0.9196059703826904, -0.3928418457508087, -4.02525946873334e-14), (1.0000001192092896, 1.30385160446167e-08, 8.597970008850098e-05, -0.7455766201019287), (-7.908791303634644e-05, -0.3928419351577759, 0.9196062088012695, 0.028531409800052643), (0.0, 0.0, 0.0, 1.0)])
    except Exception: pass
    eb = arm.edit_bones.new('Bone.011')
    eb.head = (-0.21849021315574646, -0.7455766201019287, -0.06480433791875839); eb.tail = (-0.21849021315574646, -0.7145861983299255, -0.2685122489929199)
    import mathutils as _mu
    try: eb.matrix = _mu.Matrix([(0.9999998807907104, 0.0, 2.4959444999694824e-07, -0.21849019825458527), (-2.179622242692858e-07, 0.15040123462677002, 0.988625168800354, -0.7455766201019287), (-2.9802322387695312e-08, -0.988625168800354, 0.15040118992328644, -0.06480433791875839), (0.0, 0.0, 0.0, 1.0)])
    except Exception: pass
    eb = arm.edit_bones.new('Bone.013')
    eb.head = (-0.21849021315574646, -0.7145861983299255, -0.2685122489929199); eb.tail = (-0.21849021315574646, -0.6892303824424744, -0.6150416135787964)
    import mathutils as _mu
    try: eb.matrix = _mu.Matrix([(0.9999998807907104, 1.7763568394002505e-15, 7.152557373046875e-07, -0.21849019825458527), (-6.845557436463423e-07, 0.07297565042972565, 0.997333824634552, -0.7145861983299255), (-4.445925583240751e-08, -0.9973338842391968, 0.07297560572624207, -0.26851221919059753), (0.0, 0.0, 0.0, 1.0)])
    except Exception: pass
    eb = arm.edit_bones.new('Bone.003')
    eb.head = (4.399536690924058e-18, -0.04485607147216797, 0.013820275664329529); eb.tail = (0.20265881717205048, 0.05769526958465576, -0.19666917622089386)
    import mathutils as _mu
    try: eb.matrix = _mu.Matrix([(0.7375938296318054, 0.6544426679611206, 0.166313037276268, 4.399536690924058e-18), (-0.4773560166358948, 0.3311673104763031, 0.8139160871505737, -0.04485607147216797), (0.47758397459983826, -0.6797300577163696, 0.5566691160202026, 0.013820275664329529), (0.0, 0.0, 0.0, 1.0)])
    except Exception: pass
    eb = arm.edit_bones.new('Bone.005')
    eb.head = (0.20265881717205048, 0.05769526958465576, -0.19666917622089386); eb.tail = (0.22711710631847382, 0.15506160259246826, -0.6103161573410034)
    import mathutils as _mu
    try: eb.matrix = _mu.Matrix([(0.9982564449310303, 0.057460252195596695, -0.013501688838005066, 0.20265880227088928), (4.470348358154297e-08, 0.2287447154521942, 0.9734864234924316, 0.05769526958465576), (0.05902513861656189, -0.9717892408370972, 0.2283458113670349, -0.19666917622089386), (0.0, 0.0, 0.0, 1.0)])
    except Exception: pass
    eb = arm.edit_bones.new('Bone.004')
    eb.head = (4.399536690924058e-18, -0.04485607147216797, 0.013820275664329529); eb.tail = (-0.20265868306159973, 0.05769526958465576, -0.19666916131973267)
    import mathutils as _mu
    try: eb.matrix = _mu.Matrix([(0.1943177580833435, -0.6544424295425415, -0.7307157516479492, 4.399536690924058e-18), (0.9424511194229126, 0.33116739988327026, -0.04597553610801697, -0.04485607147216797), (0.27207764983177185, -0.6797301769256592, 0.6811318397521973, 0.013820275664329529), (0.0, 0.0, 0.0, 1.0)])
    except Exception: pass
    eb = arm.edit_bones.new('Bone.006')
    eb.head = (-0.20265868306159973, 0.05769526958465576, -0.19666916131973267); eb.tail = (-0.22711697220802307, 0.1550615429878235, -0.6103161573410034)
    import mathutils as _mu
    try: eb.matrix = _mu.Matrix([(0.9982563257217407, -0.05746042728424072, 0.013501785695552826, -0.20265866816043854), (1.862645149230957e-08, 0.2287445366382599, 0.9734863638877869, 0.057695262134075165), (-0.05902537703514099, -0.9717891216278076, 0.22834572196006775, -0.19666916131973267), (0.0, 0.0, 0.0, 1.0)])
    except Exception: pass
    eb = arm.edit_bones.new('Bone.014')
    eb.head = (4.399536690924058e-18, -0.04485607147216797, 0.013820275664329529); eb.tail = (4.754323141044483e-17, 0.19134849309921265, 0.20812220871448517)
    import mathutils as _mu
    try: eb.matrix = _mu.Matrix([(1.0, 1.410603936429785e-16, -5.0563496128725e-17, 4.399536690924058e-18), (-1.410603936429785e-16, 0.7722821831703186, -0.6352795362472534, -0.04485607147216797), (-5.05635027461699e-17, 0.6352795362472534, 0.7722822427749634, 0.013820275664329529), (0.0, 0.0, 0.0, 1.0)])
    except Exception: pass
    arm.edit_bones['Bone.001'].parent = arm.edit_bones['Bone']
    arm.edit_bones['Bone.002'].parent = arm.edit_bones['Bone.001']
    arm.edit_bones['Bone.007'].parent = arm.edit_bones['Bone.002']
    arm.edit_bones['Bone.015'].parent = arm.edit_bones['Bone.007']
    arm.edit_bones['Bone.016'].parent = arm.edit_bones['Bone.015']
    arm.edit_bones['Bone.017'].parent = arm.edit_bones['Bone.007']
    arm.edit_bones['Bone.018'].parent = arm.edit_bones['Bone.017']
    arm.edit_bones['Bone.008'].parent = arm.edit_bones['Bone.001']
    arm.edit_bones['Bone.010'].parent = arm.edit_bones['Bone.008']
    arm.edit_bones['Bone.012'].parent = arm.edit_bones['Bone.010']
    arm.edit_bones['Bone.009'].parent = arm.edit_bones['Bone.001']
    arm.edit_bones['Bone.011'].parent = arm.edit_bones['Bone.009']
    arm.edit_bones['Bone.013'].parent = arm.edit_bones['Bone.011']
    arm.edit_bones['Bone.005'].parent = arm.edit_bones['Bone.003']
    arm.edit_bones['Bone.006'].parent = arm.edit_bones['Bone.004']
    bpy.ops.object.mode_set(mode='OBJECT')
    bpy.context.scene.collection.objects.unlink(_tmp)
    bpy.data.objects.remove(_tmp)
    arm.name = 'Armature.001'

    # --- Armature.002 ---
    arm = bpy.data.armatures.new('Armature.002')
    _tmp = bpy.data.objects.new('__arm_tmp__', arm)
    bpy.context.scene.collection.objects.link(_tmp)
    bpy.context.view_layer.objects.active = _tmp
    bpy.ops.object.mode_set(mode='EDIT')
    eb = arm.edit_bones.new('Bone')
    eb.head = (0.004962477833032608, 0.39021193981170654, 0.13584578037261963); eb.tail = (0.004962477833032608, -0.27329590916633606, 0.035352446138858795)
    import mathutils as _mu
    try: eb.matrix = _mu.Matrix([(1.0, 4.547473508864641e-13, 4.291455479688011e-05, 0.004962477833032608), (-6.426504114642739e-06, -0.988723874092102, 0.1497497856616974, 0.39021193981170654), (4.243103467160836e-05, -0.1497497856616974, -0.9887146949768066, 0.13584578037261963), (0.0, 0.0, 0.0, 1.0)])
    except Exception: pass
    eb = arm.edit_bones.new('Bone.001')
    eb.head = (0.004962477833032608, -0.27329590916633606, 0.035352446138858795); eb.tail = (0.004962477833032608, -0.8211737275123596, 0.04123363643884659)
    import mathutils as _mu
    try: eb.matrix = _mu.Matrix([(-1.0, 4.547473508864641e-13, -6.0470993048511446e-06, 0.004962477833032608), (-6.485879566753283e-08, -0.9999424815177917, 0.01073533296585083, -0.27329587936401367), (-6.047481292625889e-06, 0.01073385775089264, 0.9999333024024963, 0.03535245358943939), (0.0, 0.0, 0.0, 1.0)])
    except Exception: pass
    eb = arm.edit_bones.new('Bone.002')
    eb.head = (0.004962477833032608, -0.8211737275123596, 0.04123363643884659); eb.tail = (0.004962477833032608, -1.2826045751571655, 0.08686015754938126)
    import mathutils as _mu
    try: eb.matrix = _mu.Matrix([(-1.0, 0.0, 2.9487086976587307e-06, 0.004962477833032608), (2.902207825172809e-07, -0.9951467514038086, 0.09840288758277893, -0.8211737275123596), (2.933586529252352e-06, 0.09840061515569687, 0.9951377511024475, 0.04123363643884659), (0.0, 0.0, 0.0, 1.0)])
    except Exception: pass
    eb = arm.edit_bones.new('Bone.007')
    eb.head = (0.004962477833032608, -1.2826045751571655, 0.08686015754938126); eb.tail = (0.004962477833032608, -2.003720760345459, -0.04190234839916229)
    import mathutils as _mu
    try: eb.matrix = _mu.Matrix([(-1.0, 0.0, -2.5351364456582814e-06, 0.004962477833032608), (4.4568560042534955e-07, -0.9844295382499695, -0.17577996850013733, -1.282604694366455), (-2.4964242584246676e-06, -0.17577971518039703, 0.9844202995300293, 0.08686016499996185), (0.0, 0.0, 0.0, 1.0)])
    except Exception: pass
    eb = arm.edit_bones.new('Bone.015')
    eb.head = (0.004962477833032608, -1.2826045751571655, 0.08686015754938126); eb.tail = (0.286444753408432, -1.300490140914917, 0.30691468715667725)
    import mathutils as _mu
    try: eb.matrix = _mu.Matrix([(-0.03969567269086838, 0.7868373394012451, -0.6158824563026428, 0.004962477833032608), (-0.998749315738678, -0.0499962642788887, 0.0004984140396118164, -1.282604694366455), (-0.030400753021240234, 0.6151262521743774, 0.7878307700157166, 0.08686017990112305), (0.0, 0.0, 0.0, 1.0)])
    except Exception: pass
    eb = arm.edit_bones.new('Bone.017')
    eb.head = (0.004962477833032608, -1.2826045751571655, 0.08686015754938126); eb.tail = (-0.2765202820301056, -1.3004884719848633, 0.30691492557525635)
    import mathutils as _mu
    try: eb.matrix = _mu.Matrix([(-0.029714012518525124, -0.7868378758430481, 0.6164442300796509, 0.004962477833032608), (0.998626708984375, -0.049991436302661896, -0.015673518180847168, -1.282604694366455), (0.0431504100561142, 0.6151260733604431, 0.7872354388237, 0.08686017990112305), (0.0, 0.0, 0.0, 1.0)])
    except Exception: pass
    eb = arm.edit_bones.new('Bone.008')
    eb.head = (0.004962477833032608, -0.8211737275123596, 0.04123363643884659); eb.tail = (0.2511855363845825, -0.8027855157852173, -0.049855172634124756)
    import mathutils as _mu
    try: eb.matrix = _mu.Matrix([(0.06379354000091553, 0.9355856776237488, 0.3472893238067627, 0.004962477833032608), (-0.9975437521934509, 0.06987057626247406, -0.004990552552044392, -0.8211737275123596), (-0.02893555536866188, -0.3461146056652069, 0.9377362728118896, 0.04123363643884659), (0.0, 0.0, 0.0, 1.0)])
    except Exception: pass
    eb = arm.edit_bones.new('Bone.010')
    eb.head = (0.2511855363845825, -0.8027855157852173, -0.049855172634124756); eb.tail = (0.23668846487998962, -0.7780401110649109, -0.6078783869743347)
    import mathutils as _mu
    try: eb.matrix = _mu.Matrix([(0.9996634125709534, -0.02594485878944397, -0.00023803673684597015, 0.2511855363845825), (0.0013871213886886835, 0.04428594186902046, 0.9990182518959045, -0.8027855157852173), (-0.025908589363098145, -0.9986729025840759, 0.044307928532361984, -0.04985518008470535), (0.0, 0.0, 0.0, 1.0)])
    except Exception: pass
    eb = arm.edit_bones.new('Bone.012')
    eb.head = (0.23668846487998962, -0.7780401110649109, -0.6078783869743347); eb.tail = (0.23668846487998962, -0.9064218997955322, -1.254649043083191)
    import mathutils as _mu
    try: eb.matrix = _mu.Matrix([(1.0000001192092896, -4.394678398966789e-09, 7.153576007112861e-07, 0.23668846487998962), (-8.445640560239553e-07, -0.19469638168811798, 0.9808638691902161, -0.7780401110649109), (1.4545730664394796e-07, -0.9808550477027893, -0.19469331204891205, -0.6078784465789795), (0.0, 0.0, 0.0, 1.0)])
    except Exception: pass
    eb = arm.edit_bones.new('Bone.016')
    eb.head = (0.23668846487998962, -0.9064218997955322, -1.254649043083191); eb.tail = (0.23668846487998962, -1.060594081878662, -1.265929937362671)
    import mathutils as _mu
    try: eb.matrix = _mu.Matrix([(-0.2029292732477188, -5.348113063519122e-09, -0.9791936278343201, 0.23668846487998962), (0.07145676016807556, -0.9973341822624207, -0.014808673411607742, -0.9064218997955322), (-0.9765738248825073, -0.072975754737854, 0.20238634943962097, -1.2546491622924805), (0.0, 0.0, 0.0, 1.0)])
    except Exception: pass
    eb = arm.edit_bones.new('Bone.009')
    eb.head = (0.00496230274438858, -0.8211737275123596, 0.04123365879058838); eb.tail = (-0.24126076698303223, -0.8027855157852173, -0.049855172634124756)
    import mathutils as _mu
    try: eb.matrix = _mu.Matrix([(0.06379256397485733, -0.9355854988098145, 0.3472895324230194, 0.00496230274438858), (-0.9306502342224121, 0.06987057626247406, 0.3591773808002472, -0.8211737275123596), (-0.36030450463294983, -0.3461146056652069, -0.8662373423576355, 0.04123365879058838), (0.0, 0.0, 0.0, 1.0)])
    except Exception: pass
    eb = arm.edit_bones.new('Bone.011')
    eb.head = (-0.24126076698303223, -0.8027855157852173, -0.049855172634124756); eb.tail = (-0.22676369547843933, -0.7780401110649109, -0.6078783869743347)
    import mathutils as _mu
    try: eb.matrix = _mu.Matrix([(0.9996631741523743, 0.025944888591766357, -0.00023767352104187012, -0.24126073718070984), (-0.0009117722511291504, 0.04428589344024658, 0.9990184903144836, -0.8027855157852173), (0.025929570198059082, -0.9986727237701416, 0.04429557919502258, -0.049855172634124756), (0.0, 0.0, 0.0, 1.0)])
    except Exception: pass
    eb = arm.edit_bones.new('Bone.013')
    eb.head = (-0.22676369547843933, -0.7780401110649109, -0.6078783869743347); eb.tail = (-0.22676369547843933, -0.9064218997955322, -1.254649043083191)
    import mathutils as _mu
    try: eb.matrix = _mu.Matrix([(0.9999998211860657, 5.045876605436206e-09, 7.144699338823557e-07, -0.22676365077495575), (-6.121990736573935e-07, -0.1946963667869568, 0.9808635711669922, -0.7780401110649109), (-1.0859366739168763e-09, -0.9808548092842102, -0.19469325244426727, -0.6078783273696899), (0.0, 0.0, 0.0, 1.0)])
    except Exception: pass
    eb = arm.edit_bones.new('Bone.022')
    eb.head = (-0.22676369547843933, -0.9064218997955322, -1.254649043083191); eb.tail = (-0.22676369547843933, -1.060594081878662, -1.265929937362671)
    import mathutils as _mu
    try: eb.matrix = _mu.Matrix([(-0.20292921364307404, -1.9836079445667565e-09, -0.9791932702064514, -0.22676365077495575), (0.07145662605762482, -0.9973337650299072, -0.014808885753154755, -0.9064218997955322), (-0.9765735864639282, -0.07297569513320923, 0.20238645374774933, -1.2546489238739014), (0.0, 0.0, 0.0, 1.0)])
    except Exception: pass
    eb = arm.edit_bones.new('Bone.004')
    eb.head = (0.004962477833032608, 0.39021193981170654, 0.13584578037261963); eb.tail = (0.18763287365436554, 0.40557676553726196, 0.05371075123548508)
    import mathutils as _mu
    try: eb.matrix = _mu.Matrix([(0.2318011373281479, 0.9093725681304932, 0.34541231393814087, 0.004962477833032608), (-0.9093722105026245, 0.07648982852697372, 0.40889036655426025, 0.39021193981170654), (0.3454086482524872, -0.40888580679893494, 0.8446815013885498, 0.13584578037261963), (0.0, 0.0, 0.0, 1.0)])
    except Exception: pass
    eb = arm.edit_bones.new('Bone.003')
    eb.head = (0.18763287365436554, 0.40557676553726196, 0.05371075123548508); eb.tail = (0.20607390999794006, 0.4555943012237549, -0.4041920602321625)
    import mathutils as _mu
    try: eb.matrix = _mu.Matrix([(0.9334056377410889, 0.040002286434173584, 0.35658615827560425, 0.18763285875320435), (-0.35881924629211426, 0.1084979772567749, 0.9270797371864319, 0.4055768549442291), (-0.0016041696071624756, -0.9932823181152344, 0.11562645435333252, 0.05371076613664627), (0.0, 0.0, 0.0, 1.0)])
    except Exception: pass
    eb = arm.edit_bones.new('Bone.005')
    eb.head = (0.20607390999794006, 0.4555943012237549, -0.4041920602321625); eb.tail = (0.24471086263656616, 0.44750285148620605, -1.24825918674469)
    import mathutils as _mu
    try: eb.matrix = _mu.Matrix([(0.9989523887634277, 0.045724354684352875, -0.001823335886001587, 0.20607390999794006), (0.0022635459899902344, -0.009575702250003815, 0.9999515414237976, 0.45559439063072205), (0.045704156160354614, -0.9988991618156433, -0.00966767966747284, -0.40419211983680725), (0.0, 0.0, 0.0, 1.0)])
    except Exception: pass
    eb = arm.edit_bones.new('Bone.019')
    eb.head = (0.24471086263656616, 0.44750285148620605, -1.24825918674469); eb.tail = (0.24471086263656616, 0.27776721119880676, -1.2743723392486572)
    import mathutils as _mu
    try: eb.matrix = _mu.Matrix([(0.9993420243263245, 2.3283064365386963e-10, 0.036268286406993866, 0.24471086263656616), (-0.005514764226973057, -0.988371729850769, 0.15195685625076294, 0.4475029408931732), (0.035846102982759476, -0.15205706655979156, -0.9877123236656189, -1.2482593059539795), (0.0, 0.0, 0.0, 1.0)])
    except Exception: pass
    eb = arm.edit_bones.new('Bone.025')
    eb.head = (0.00496230274438858, 0.39021193981170654, 0.13584578037261963); eb.tail = (-0.17770808935165405, 0.40557676553726196, 0.053710758686065674)
    import mathutils as _mu
    try: eb.matrix = _mu.Matrix([(0.23179888725280762, -0.9093726277351379, 0.3454138934612274, 0.00496230274438858), (-0.7230218052864075, 0.07648983597755432, 0.6865774989128113, 0.39021193981170654), (-0.6507705450057983, -0.4088858366012573, -0.6397591829299927, 0.13584578037261963), (0.0, 0.0, 0.0, 1.0)])
    except Exception: pass
    eb = arm.edit_bones.new('Bone.006')
    eb.head = (-0.17770808935165405, 0.40557676553726196, 0.053710758686065674); eb.tail = (-0.19614914059638977, 0.4555943012237549, -0.4041920602321625)
    import mathutils as _mu
    try: eb.matrix = _mu.Matrix([(0.9334056973457336, -0.04000231623649597, 0.3565860390663147, -0.17770808935165405), (-0.35070401430130005, 0.10849794745445251, 0.9301799535751343, 0.4055768549442291), (-0.07589810341596603, -0.9932821989059448, 0.08724415302276611, 0.05371076613664627), (0.0, 0.0, 0.0, 1.0)])
    except Exception: pass
    eb = arm.edit_bones.new('Bone.023')
    eb.head = (-0.19614914059638977, 0.4555943012237549, -0.4041920602321625); eb.tail = (-0.23478609323501587, 0.44750285148620605, -1.24825918674469)
    import mathutils as _mu
    try: eb.matrix = _mu.Matrix([(0.9989523887634277, -0.04572433978319168, -0.001823335886001587, -0.19614914059638977), (0.001386791467666626, -0.009575724601745605, 0.9999530911445618, 0.45559436082839966), (-0.0457393154501915, -0.998898983001709, -0.009500756859779358, -0.4041920304298401), (0.0, 0.0, 0.0, 1.0)])
    except Exception: pass
    eb = arm.edit_bones.new('Bone.024')
    eb.head = (-0.23478609323501587, 0.44750285148620605, -1.24825918674469); eb.tail = (-0.23478609323501587, 0.2777671813964844, -1.2743723392486572)
    import mathutils as _mu
    try: eb.matrix = _mu.Matrix([(0.9993420243263245, 1.7462298274040222e-09, 0.03626988083124161, -0.23478609323501587), (-0.005515158176422119, -0.9883715510368347, 0.1519569605588913, 0.44750291109085083), (0.035847727209329605, -0.1520569920539856, -0.9877120852470398, -1.2482590675354004), (0.0, 0.0, 0.0, 1.0)])
    except Exception: pass
    eb = arm.edit_bones.new('Bone.014')
    eb.head = (0.004962477833032608, 0.39021193981170654, 0.13584578037261963); eb.tail = (0.004962477833032608, 0.588387668132782, 0.21427634358406067)
    import mathutils as _mu
    try: eb.matrix = _mu.Matrix([(1.0, 0.0, -3.5652192309498787e-10, 0.004962477833032608), (-2.810338628478348e-10, 0.9298283457756042, -0.3679927587509155, 0.39021193981170654), (1.4479155652225018e-09, 0.3679913282394409, 0.9298153519630432, 0.13584578037261963), (0.0, 0.0, 0.0, 1.0)])
    except Exception: pass
    eb = arm.edit_bones.new('Bone.018')
    eb.head = (0.004962477833032608, 0.588387668132782, 0.21427634358406067); eb.tail = (0.004962477833032608, 0.7764025330543518, 0.2638913691043854)
    import mathutils as _mu
    try: eb.matrix = _mu.Matrix([(1.0, 6.938893903907228e-18, 4.579669976578771e-15, 0.004962477833032608), (-1.4983519980305005e-10, 0.966900110244751, -0.2551540732383728, 0.5883877277374268), (1.1164115187867196e-09, 0.25515419244766235, 0.9668870568275452, 0.21427635848522186), (0.0, 0.0, 0.0, 1.0)])
    except Exception: pass
    eb = arm.edit_bones.new('Bone.020')
    eb.head = (0.004962477833032608, 0.7764025330543518, 0.2638913691043854); eb.tail = (0.004962477833032608, 1.0192550420761108, 0.30567246675491333)
    import mathutils as _mu
    try: eb.matrix = _mu.Matrix([(1.0, 1.0587911840678754e-22, -5.971582278142817e-20, 0.004962477833032608), (-1.498363655372259e-10, 0.9855211973190308, -0.1695508509874344, 0.7764025926589966), (1.1164159596788181e-09, 0.16955214738845825, 0.985508143901825, 0.26389139890670776), (0.0, 0.0, 0.0, 1.0)])
    except Exception: pass
    eb = arm.edit_bones.new('Bone.021')
    eb.head = (0.004962477833032608, 1.0192550420761108, 0.30567246675491333); eb.tail = (0.004962477833032608, 1.4109526872634888, 0.3631214499473572)
    import mathutils as _mu
    try: eb.matrix = _mu.Matrix([(1.0, -1.6155871338926322e-27, 7.884065213396045e-25, 0.004962477833032608), (-1.498363655372259e-10, 0.9894148707389832, -0.14511257410049438, 1.0192551612854004), (1.1164159596788181e-09, 0.14511418342590332, 0.9894018769264221, 0.3056724965572357), (0.0, 0.0, 0.0, 1.0)])
    except Exception: pass
    arm.edit_bones['Bone.001'].parent = arm.edit_bones['Bone']
    arm.edit_bones['Bone.002'].parent = arm.edit_bones['Bone.001']
    arm.edit_bones['Bone.007'].parent = arm.edit_bones['Bone.002']
    arm.edit_bones['Bone.015'].parent = arm.edit_bones['Bone.007']
    arm.edit_bones['Bone.017'].parent = arm.edit_bones['Bone.007']
    arm.edit_bones['Bone.008'].parent = arm.edit_bones['Bone.001']
    arm.edit_bones['Bone.010'].parent = arm.edit_bones['Bone.008']
    arm.edit_bones['Bone.012'].parent = arm.edit_bones['Bone.010']
    arm.edit_bones['Bone.016'].parent = arm.edit_bones['Bone.012']
    arm.edit_bones['Bone.009'].parent = arm.edit_bones['Bone.001']
    arm.edit_bones['Bone.011'].parent = arm.edit_bones['Bone.009']
    arm.edit_bones['Bone.013'].parent = arm.edit_bones['Bone.011']
    arm.edit_bones['Bone.022'].parent = arm.edit_bones['Bone.013']
    arm.edit_bones['Bone.004'].parent = arm.edit_bones['Bone']
    arm.edit_bones['Bone.003'].parent = arm.edit_bones['Bone.004']
    arm.edit_bones['Bone.005'].parent = arm.edit_bones['Bone.003']
    arm.edit_bones['Bone.019'].parent = arm.edit_bones['Bone.005']
    arm.edit_bones['Bone.025'].parent = arm.edit_bones['Bone']
    arm.edit_bones['Bone.006'].parent = arm.edit_bones['Bone.025']
    arm.edit_bones['Bone.023'].parent = arm.edit_bones['Bone.006']
    arm.edit_bones['Bone.024'].parent = arm.edit_bones['Bone.023']
    arm.edit_bones['Bone.014'].parent = arm.edit_bones['Bone']
    arm.edit_bones['Bone.018'].parent = arm.edit_bones['Bone.014']
    arm.edit_bones['Bone.020'].parent = arm.edit_bones['Bone.018']
    arm.edit_bones['Bone.021'].parent = arm.edit_bones['Bone.020']
    bpy.ops.object.mode_set(mode='OBJECT')
    bpy.context.scene.collection.objects.unlink(_tmp)
    bpy.data.objects.remove(_tmp)
    arm.name = 'Armature.002'

    # --- Armature.003 ---
    arm = bpy.data.armatures.new('Armature.003')
    _tmp = bpy.data.objects.new('__arm_tmp__', arm)
    bpy.context.scene.collection.objects.link(_tmp)
    bpy.context.view_layer.objects.active = _tmp
    bpy.ops.object.mode_set(mode='EDIT')
    eb = arm.edit_bones.new('Bone')
    eb.head = (0.07919120788574219, 0.44937992095947266, -0.5442689657211304); eb.tail = (0.07919120788574219, 0.09548184275627136, -0.5563520789146423)
    import mathutils as _mu
    try: eb.matrix = _mu.Matrix([(1.0, -1.1368683772161603e-13, 4.291538061806932e-05, 0.07919120788574219), (-1.4644027714894037e-06, -0.9994176626205444, 0.03412303701043129, 0.44937992095947266), (4.289037678972818e-05, -0.03412303701043129, -0.9994179010391235, -0.5442689657211304), (0.0, 0.0, 0.0, 1.0)])
    except Exception: pass
    eb = arm.edit_bones.new('Bone.001')
    eb.head = (0.07919120788574219, 0.09548184275627136, -0.5563520789146423); eb.tail = (0.07919120788574219, -0.2513406276702881, -0.5295578241348267)
    import mathutils as _mu
    try: eb.matrix = _mu.Matrix([(-1.0, 1.8189894035458565e-12, -6.047925126040354e-06, 0.07919120788574219), (-4.6585302015955676e-07, -0.9970290660858154, 0.07702682912349701, 0.09548184275627136), (-6.029935320839286e-06, 0.0770268663764, 0.9970292448997498, -0.5563520789146423), (0.0, 0.0, 0.0, 1.0)])
    except Exception: pass
    eb = arm.edit_bones.new('Bone.002')
    eb.head = (0.07919120788574219, -0.2513406276702881, -0.5295578241348267); eb.tail = (0.07919120788574219, -0.5434396266937256, -0.4687038064002991)
    import mathutils as _mu
    try: eb.matrix = _mu.Matrix([(-1.0, 1.1368683772161603e-13, 1.2794421309081372e-06, 0.07919120788574219), (2.6094912186636066e-07, -0.9789804220199585, 0.20395438373088837, -0.2513406276702881), (1.2525724741863087e-06, 0.20395442843437195, 0.9789806604385376, -0.5295578241348267), (0.0, 0.0, 0.0, 1.0)])
    except Exception: pass
    eb = arm.edit_bones.new('Bone.007')
    eb.head = (0.07919120788574219, -0.5434396266937256, -0.4687038064002991); eb.tail = (0.07919120788574219, -0.9262405633926392, -0.6025824546813965)
    import mathutils as _mu
    try: eb.matrix = _mu.Matrix([(-1.0, 0.0, -3.894253950420534e-07, 0.07919120788574219), (1.285612825085991e-07, -0.9439365267753601, -0.3301270306110382, -0.5434396266937256), (-3.6756955523742363e-07, -0.33012712001800537, 0.9439367651939392, -0.4687038064002991), (0.0, 0.0, 0.0, 1.0)])
    except Exception: pass
    eb = arm.edit_bones.new('Bone.015')
    eb.head = (0.07919120788574219, -0.5434396266937256, -0.4687038064002991); eb.tail = (0.25737762451171875, -0.5547617673873901, -0.3294029235839844)
    import mathutils as _mu
    try: eb.matrix = _mu.Matrix([(-0.03969686105847359, 0.7868403196334839, -0.6158787608146667, 0.07919120788574219), (-0.9987494349479675, -0.04999653995037079, 0.0005000829696655273, -0.5434396266937256), (-0.030398279428482056, 0.6151284575462341, 0.7878410816192627, -0.4687038064002991), (0.0, 0.0, 0.0, 1.0)])
    except Exception: pass
    eb = arm.edit_bones.new('Bone.016')
    eb.head = (0.25737762451171875, -0.5547617673873901, -0.3294029235839844); eb.tail = (0.33543530106544495, -0.5932571887969971, -0.055915653705596924)
    import mathutils as _mu
    try: eb.matrix = _mu.Matrix([(-0.012788042426109314, 0.2719760835170746, -0.9622191190719604, 0.25737762451171875), (-0.9906549453735352, -0.13412947952747345, -0.02474634349346161, -0.5547617673873901), (-0.1357923150062561, 0.9529107809066772, 0.2711496949195862, -0.3294029235839844), (0.0, 0.0, 0.0, 1.0)])
    except Exception: pass
    eb = arm.edit_bones.new('Bone.017')
    eb.head = (0.07919120788574219, -0.5434396266937256, -0.4687038064002991); eb.tail = (-0.09899550676345825, -0.5547606945037842, -0.32940277457237244)
    import mathutils as _mu
    try: eb.matrix = _mu.Matrix([(-0.029715631157159805, -0.7868406176567078, 0.6164405345916748, 0.07919120788574219), (0.9986267685890198, -0.04999171197414398, -0.015671581029891968, -0.5434396266937256), (0.04314795136451721, 0.6151283979415894, 0.7872457504272461, -0.4687038064002991), (0.0, 0.0, 0.0, 1.0)])
    except Exception: pass
    eb = arm.edit_bones.new('Bone.018')
    eb.head = (-0.09899550676345825, -0.5547606945037842, -0.32940277457237244); eb.tail = (-0.17705339193344116, -0.5932557582855225, -0.05591583251953125)
    import mathutils as _mu
    try: eb.matrix = _mu.Matrix([(-0.0220353826880455, -0.2719770669937134, 0.9620514512062073, -0.09899550676345825), (0.990847110748291, -0.13412834703922272, -0.015223762951791286, -0.5547606945037842), (0.13317888975143433, 0.9529104232788086, 0.27244332432746887, -0.32940277457237244), (0.0, 0.0, 0.0, 1.0)])
    except Exception: pass
    eb = arm.edit_bones.new('Bone.008')
    eb.head = (0.07919120788574219, -0.2513406276702881, -0.5295578241348267); eb.tail = (0.29768168926239014, -0.2513406276702881, -0.6228934526443481)
    import mathutils as _mu
    try: eb.matrix = _mu.Matrix([(-3.6208865594744566e-07, 0.9196063280105591, 0.3928409814834595, 0.07919120788574219), (-0.9999999403953552, -3.725290298461914e-09, -4.76837158203125e-07, -0.2513406276702881), (-4.470348358154297e-07, -0.39284107089042664, 0.9196065664291382, -0.5295578241348267), (0.0, 0.0, 0.0, 1.0)])
    except Exception: pass
    eb = arm.edit_bones.new('Bone.010')
    eb.head = (0.29768168926239014, -0.2513406276702881, -0.6228934526443481); eb.tail = (0.29768168926239014, -0.2203502655029297, -0.8266013860702515)
    import mathutils as _mu
    try: eb.matrix = _mu.Matrix([(0.9999998807907104, -5.960464477539063e-08, 3.3527612686157227e-07, 0.29768168926239014), (-1.3859289538231678e-07, 0.15040087699890137, 0.9886249899864197, -0.2513406276702881), (-8.940696716308594e-08, -0.9886252880096436, 0.15040093660354614, -0.6228934526443481), (0.0, 0.0, 0.0, 1.0)])
    except Exception: pass
    eb = arm.edit_bones.new('Bone.012')
    eb.head = (0.29768168926239014, -0.2203502655029297, -0.8266013860702515); eb.tail = (0.29768168926239014, -0.19499444961547852, -1.173130750656128)
    import mathutils as _mu
    try: eb.matrix = _mu.Matrix([(0.9999998807907104, 1.7763568394002505e-15, 7.003997666288342e-07, 0.29768168926239014), (-5.146274020262354e-07, 0.07297568023204803, 0.9973335862159729, -0.2203502655029297), (-3.116663549462828e-08, -0.9973338842391968, 0.07297571748495102, -0.8266013860702515), (0.0, 0.0, 0.0, 1.0)])
    except Exception: pass
    eb = arm.edit_bones.new('Bone.009')
    eb.head = (0.07919120788574219, -0.2513406276702881, -0.5295578241348267); eb.tail = (-0.13929900527000427, -0.2513406276702881, -0.6228935718536377)
    import mathutils as _mu
    try: eb.matrix = _mu.Matrix([(3.379518602741882e-05, -0.9196060299873352, -0.3928418457508087, 0.07919120788574219), (1.0000001192092896, 3.725290298461914e-09, 8.59871506690979e-05, -0.2513406276702881), (-7.906556129455566e-05, -0.3928419351577759, 0.9196062088012695, -0.5295578241348267), (0.0, 0.0, 0.0, 1.0)])
    except Exception: pass
    eb = arm.edit_bones.new('Bone.011')
    eb.head = (-0.13929900527000427, -0.2513406276702881, -0.6228935718536377); eb.tail = (-0.13929900527000427, -0.2203502058982849, -0.826601505279541)
    import mathutils as _mu
    try: eb.matrix = _mu.Matrix([(0.9999999403953552, 5.960464477539063e-08, 2.0489096641540527e-07, -0.13929900527000427), (-1.8251739675179124e-07, 0.15040120482444763, 0.988625168800354, -0.2513406276702881), (2.9802322387695312e-08, -0.988625168800354, 0.15040118992328644, -0.6228935718536377), (0.0, 0.0, 0.0, 1.0)])
    except Exception: pass
    eb = arm.edit_bones.new('Bone.013')
    eb.head = (-0.13929900527000427, -0.2203502058982849, -0.826601505279541); eb.tail = (-0.13929900527000427, -0.19499439001083374, -1.1731308698654175)
    import mathutils as _mu
    try: eb.matrix = _mu.Matrix([(0.9999999403953552, 3.552713678800501e-15, 7.041139724606182e-07, -0.13929899036884308), (-6.732291240041377e-07, 0.07297567278146744, 0.9973338842391968, -0.2203502058982849), (-4.969167122226281e-08, -0.9973338842391968, 0.07297565788030624, -0.826601505279541), (0.0, 0.0, 0.0, 1.0)])
    except Exception: pass
    eb = arm.edit_bones.new('Bone.003')
    eb.head = (0.07919120788574219, 0.44937992095947266, -0.5442689657211304); eb.tail = (0.28185003995895386, 0.5519312620162964, -0.7547584176063538)
    import mathutils as _mu
    try: eb.matrix = _mu.Matrix([(0.7375938296318054, 0.6544427275657654, 0.1663130223751068, 0.07919120788574219), (-0.4773559868335724, 0.3311672806739807, 0.8139160871505737, 0.44937992095947266), (0.47758400440216064, -0.6797300577163696, 0.5566691160202026, -0.5442689657211304), (0.0, 0.0, 0.0, 1.0)])
    except Exception: pass
    eb = arm.edit_bones.new('Bone.005')
    eb.head = (0.28185003995895386, 0.5519312620162964, -0.7547584176063538); eb.tail = (0.3063083291053772, 0.6492975950241089, -1.1684054136276245)
    import mathutils as _mu
    try: eb.matrix = _mu.Matrix([(0.998256504535675, 0.05746028572320938, -0.013501733541488647, 0.28185003995895386), (7.450580596923828e-08, 0.2287447154521942, 0.9734863638877869, 0.5519312620162964), (0.059025198221206665, -0.9717892408370972, 0.2283458113670349, -0.7547584176063538), (0.0, 0.0, 0.0, 1.0)])
    except Exception: pass
    eb = arm.edit_bones.new('Bone.004')
    eb.head = (0.07919120788574219, 0.44937992095947266, -0.5442689657211304); eb.tail = (-0.12346747517585754, 0.5519312620162964, -0.7547584176063538)
    import mathutils as _mu
    try: eb.matrix = _mu.Matrix([(0.19431772828102112, -0.6544424295425415, -0.7307158708572388, 0.07919120788574219), (0.9424512386322021, 0.33116739988327026, -0.04597550630569458, 0.44937992095947266), (0.27207764983177185, -0.679730236530304, 0.6811318397521973, -0.5442689657211304), (0.0, 0.0, 0.0, 1.0)])
    except Exception: pass
    eb = arm.edit_bones.new('Bone.006')
    eb.head = (-0.12346747517585754, 0.5519312620162964, -0.7547584176063538); eb.tail = (-0.14792576432228088, 0.6492975354194641, -1.1684054136276245)
    import mathutils as _mu
    try: eb.matrix = _mu.Matrix([(0.9982564449310303, -0.05746033787727356, 0.013501659035682678, -0.12346746027469635), (1.1548399925231934e-07, 0.2287445217370987, 0.9734864234924316, 0.5519312620162964), (-0.05902540683746338, -0.9717891216278076, 0.22834578156471252, -0.7547584176063538), (0.0, 0.0, 0.0, 1.0)])
    except Exception: pass
    eb = arm.edit_bones.new('Bone.014')
    eb.head = (0.07919120788574219, 0.44937992095947266, -0.5442689657211304); eb.tail = (0.07919120788574219, 0.6855844855308533, -0.3499670624732971)
    import mathutils as _mu
    try: eb.matrix = _mu.Matrix([(1.0, 0.0, 7.361787014224759e-17, 0.07919120788574219), (4.676792494846623e-17, 0.7722823023796082, -0.6352795362472534, 0.44937992095947266), (-5.68537778619947e-17, 0.6352795362472534, 0.7722822427749634, -0.5442689657211304), (0.0, 0.0, 0.0, 1.0)])
    except Exception: pass
    arm.edit_bones['Bone.001'].parent = arm.edit_bones['Bone']
